233943
234095
234299
234001
233973
233791
234207
234720
234616
234514
234633
233846
233742
234287
234439
233820
234236
234943
233800
233937
234507
234151
234417
233581
233906
234427
234164
233934
234074
234762
233700
234269
234090
233784
233846
234526
233904
234423
233916
234301
234277
234478
234097
233920
234978
234448
233717
234713
234092
234288
234874
234476
234434
234375
233795
233861
233841
233916
234121
233758
234453
234522
234479
233776
233742
234270
234195
234306
234425
234049
234405
234010
234869
234247
234337
234118
234470
234177
234081
234319
234311
234311
234480
234194
233828
234522
233593
233749
233835
234147
234358
233939
234059
233858
234017
233411
234805
233856
233943
233869
234286
233674
234796
234009
234542
234394
233942
234276
234163
234642
234315
234887
234226
234347
234210
234132
234497
233965
233711
234353
234156
233930
233977
234497
234554
234224
234202
233497
233925
233749
233794
234889
234848
233922
234840
234415
234587
234845
234032
234284
234183
234088
233562
233888
234156
234725
234389
235088
234322
234170
234228
234362
234129
234114
234298
234344
233978
234012
233649
234203
234268
234440
234655
234827
234805
234216
233534
234774
234084
234680
234635
234238
234340
234476
234818
234107
235022
234323
234356
234096
233927
234577
234324
234091
235109
234326
234767
234038
234596
234792
234522
234264
234113
234546
234373
234218
234499
234647
234431
233718
233906
234274
234379
234235
234503
234382
233925
234205
234184
234160
234760
234013
234105
234402
234263
233873
234426
234493
234760
233610
233439
234306
234213
234709
234877
233936
234047
234762
233673
234418
234207
234568
234430
234359
234549
234071
234424
233405
234743
234218
234054
234032
233867
234377
234412
233837
234111
233920
234049
234266
234189
234478
234162
234207
234135
233918
233677
233358
234200
233822
234456
234684
233904
233912
234446
234310
234542
234632
234396
234740
234050
234288
234076
234118
234882
233967
234201
233823
234498
234071
234608
234074
234372
234479
233167
233981
234029
234645
234389
234497
234126
233963
233676
234345
233940
233973
234449
233600
234954
233456
234462
234362
233824
234425
234650
234134
234262
234082
234688
234035
234071
234736
233822
234135
234085
234080
234621
234034
234284
234649
234590
234657
234487
234500
234834
234180
233918
234671
234117
234077
234498
233813
234296
234942
234198
233573
234037
233708
233906
234487
233868
234321
233519
234649
233899
234403
235170
233831
234236
233966
234128
234599
233864
233783
234223
233411
234521
234493
234151
234020
233672
233631
233790
234168
233955
234732
233876
233469
234019
234125
234705
233720
233896
233711
234231
234722
234474
234459
234281
234415
234216
234273
234055
234000
233984
234159
234278
234193
234212
234620
233740
234575
234042
234261
234290
234390
234284
234787
234162
234388
234261
234025
234225
234392
234639
234331
234168
234684
234873
234071
233909
234100
234326
234258
233912
233358
234138
234335
233822
233859
234483
234933
234557
234167
234691
234627
234417
234280
234612
234280
233981
233959
234141
234269
234105
234270
234964
234873
235013
234199
234471
234658
234284
234418
233958
234535
233951
234576
234141
234157
234056
234246
233503
234444
234673
233370
234508
234824
234456
234583
234147
234585
234131
234735
234211
234828
234292
234507
234055
234067
234280
234521
234378
234209
233707
234110
233956
234188
234208
233567
234485
234078
234239
234718
234142
233688
234684
233663
233980
233787
234241
233416
234728
234370
234344
234333
233786
234715
234291
233880
234040
234459
234090
233429
234392
234020
234670
234699
233903
234091
234659
234771
